Q4.
max_iterate=10
error_bd=10E-5
x0=-.5
-------
it_count 		x0 			fx 			dfx 		error
   1.0e+02 *

                   0  -0.005000000000000  -0.013032653298563   0.003032653298563   0.042974425414003
   0.010000000000000   0.037974425414003   1.683166052497022   2.139036143759204   0.007868806038681
   0.020000000000000   0.030105619375321   0.601108048344883   0.814096082148909   0.007383748202770
   0.030000000000000   0.022721871172551   0.210415646395386   0.317421586056576   0.006628901613449
   0.040000000000000   0.016092969559103   0.070453506549610   0.130446459220114   0.005400952005200
   0.050000000000000   0.010692017553903   0.021146416405233   0.060276948831140   0.003508209492234
   0.060000000000000   0.007183808061669   0.004734776076064   0.035245869843569   0.001343356284603
   
newton_modified
max_iterate=15
error_bd=10E-16
x0=-2
it_count 		x0 			fx 			dfx 		error
                   0  -0.002000000000000  -0.001270670566473  -0.000135335283237   0.009389056098931
   0.001000000000000  -0.011389056098931  -0.001000128909082  -0.000000117590402   8.505191713034746
   0.002000000000000  -8.516580769133675  -0.001000000000000                   0                 Inf
   
newton_modified
max_iterate=7
error_bd=10E-5
x0=10
it_count 		x0 	fx 	   dfx 		error
            0   1.0000e+01   2.2026e+05   2.4229e+05   9.0909e-01
   1.0000e+00   9.0909e+00   8.0674e+04   8.9550e+04   9.0089e-01
   2.0000e+00   8.1900e+00   2.9522e+04   3.3128e+04   8.9116e-01
   3.0000e+00   7.2989e+00   1.0791e+04   1.2271e+04   8.7942e-01
   4.0000e+00   6.4194e+00   3.9384e+03   4.5530e+03   8.6500e-01
   5.0000e+00   5.5544e+00   1.4342e+03   1.6936e+03   8.4684e-01
   6.0000e+00   4.7076e+00   5.2054e+02   6.3233e+02   8.2321e-01
   7.0000e+00   3.8844e+00   1.8793e+02   2.3756e+02   7.9106e-01